sil
-0.996014 -0.0891953
-0.649144 -0.237854
-0.302273 -0.33696
-0.00495529 -0.237854
0.242809 -0.33696
0.639233 -0.237854
0.986104 -0.0891953
0.639233 0.257675
0.341915 0.406334
0.0445976 0.455887
-0.25272 0.406334
-0.649144 0.257675
-0.847355 -0.0891953
-0.25272 -0.0891953
-0.00495529 -0.0891953
0.242809 -0.0891953
0.787892 -0.0891953
0.292362 0.0594635
-0.00495529 0.109016
-0.25272 0.0594635
########
-0.997839 -0.0657113
-0.657113 -0.211736
-0.267713 -0.309087
-0.0243375 -0.260412
0.267713 -0.357762
0.608438 -0.211736
0.900489 -0.0657113
0.657113 0.226339
0.316388 0.372364
0.0243375 0.421039
-0.219038 0.421039
-0.608438 0.226339
-0.803138 -0.0657113
-0.267713 -0.114386
-0.0243375 -0.0657113
0.267713 -0.114386
0.754463 -0.0657113
0.267713 0.0803138
0.0243375 0.0803138
-0.219038 0.0803138
########
-0.995853 -0.0909791
-0.651607 -0.238513
-0.258184 -0.336869
-0.0122945 -0.287691
0.233595 -0.336869
0.577841 -0.238513
0.922086 -0.0909791
0.627018 0.253266
0.331951 0.4008
0.0368834 0.449978
-0.209006 0.4008
-0.602429 0.253266
-0.848319 -0.0418012
-0.258184 -0.0909791
-0.0122945 -0.0909791
0.233595 -0.0909791
0.774552 -0.0418012
0.282773 0.0565546
0.0368834 0.105733
-0.209006 0.0565546
########
-0.997185 -0.0749763
-0.647296 -0.224929
-0.247422 -0.374882
0.00249921 -0.274913
0.25242 -0.374882
0.60231 -0.224929
0.9522 -0.0749763
0.652294 0.274913
0.302405 0.424866
0.0524834 0.47485
-0.247422 0.424866
-0.647296 0.274913
-0.847233 -0.0749763
-0.247422 -0.124961
0.00249921 -0.124961
0.25242 -0.124961
0.752263 -0.0749763
0.302405 0.0749763
0.00249921 0.124961
-0.247422 0.0749763
########
-0.994709 -0.102728
-0.64393 -0.253062
-0.24304 -0.353285
0.0075167 -0.303173
0.258073 -0.353285
0.608852 -0.202951
0.959632 -0.0526169
0.658964 0.298162
0.308185 0.448496
0.0075167 0.448496
-0.24304 0.398385
-0.64393 0.248051
-0.844376 -0.0526169
-0.24304 -0.152839
0.0075167 -0.102728
0.258073 -0.152839
0.759186 -0.0526169
0.258073 0.0977171
0.0075167 0.0977171
-0.24304 0.0977171
########
-0.998845 -0.0480457
-0.644824 -0.250343
-0.290803 -0.402067
0.0126436 -0.300918
0.265516 -0.402067
0.619537 -0.250343
0.922983 -0.0480457
0.670111 0.255401
0.31609 0.457699
0.0126436 0.457699
-0.240229 0.457699
-0.644824 0.305975
-0.847122 -0.0480457
-0.290803 -0.149195
0.0126436 -0.149195
0.265516 -0.149195
0.77126 -0.0480457
0.31609 0.103678
0.0126436 0.103678
-0.240229 0.103678
########
-0.999757 -0.0220535
-0.656703 -0.267092
-0.264642 -0.365107
-0.0196031 -0.3161
0.274443 -0.365107
0.617497 -0.267092
0.911543 -0.0710611
0.617497 0.271993
0.323451 0.419016
0.0294046 0.468023
-0.264642 0.419016
-0.607695 0.271993
-0.803726 -0.0220535
-0.264642 -0.169077
-0.0196031 -0.169077
0.274443 -0.169077
0.76452 -0.0220535
0.274443 0.12497
0.0294046 0.12497
-0.215634 0.12497
########
-0.998697 -0.0510283
-0.60991 -0.245422
-0.269721 -0.391217
0.0218693 -0.29402
0.264861 -0.391217
0.60505 -0.245422
0.896641 -0.0510283
0.60505 0.289161
0.31346 0.434956
0.0218693 0.483554
-0.269721 0.434956
-0.60991 0.289161
-0.804304 -0.0510283
-0.269721 -0.148225
0.0218693 -0.148225
0.264861 -0.196824
0.750845 -0.0510283
0.264861 0.0947669
0.0218693 0.143365
-0.221123 0.0947669
########
-0.997583 -0.0694834
-0.650166 -0.268007
-0.253118 -0.4169
-0.0049631 -0.317638
0.243192 -0.4169
0.64024 -0.268007
0.938026 -0.0198524
0.64024 0.277934
0.292823 0.476458
-0.0049631 0.476458
-0.253118 0.426827
-0.650166 0.277934
-0.799059 -0.0198524
-0.253118 -0.168745
-0.0049631 -0.168745
0.292823 -0.168745
0.789133 -0.0198524
0.292823 0.129041
-0.0049631 0.129041
-0.253118 0.129041
########
-0.999688 -0.0249922
-0.649797 -0.22493
-0.249922 -0.324898
0 -0.274914
0.249922 -0.374883
0.599813 -0.22493
0.949703 -0.0749766
0.649797 0.22493
0.299906 0.374883
0.0499844 0.424867
-0.249922 0.374883
-0.649797 0.22493
-0.849734 -0.0249922
-0.249922 -0.0749766
0 -0.0749766
0.249922 -0.124961
0.79975 -0.0749766
0.299906 0.0749766
0 0.124961
-0.249922 0.0749766
########
-0.997382 -0.0723102
-0.598429 -0.172048
-0.249346 -0.271787
0 -0.172048
0.249346 -0.271787
0.598429 -0.172048
0.947513 -0.0723102
0.648298 0.177035
0.299215 0.326643
0 0.326643
-0.249346 0.326643
-0.648298 0.177035
-0.847775 -0.0723102
-0.249346 -0.0723102
0 -0.0224411
0.249346 -0.0723102
0.797906 -0.0224411
0.299215 0.027428
0 0.0772971
-0.249346 0.027428
########
-0.997625 -0.0688836
-0.570071 -0.163895
-0.23753 -0.211401
0 -0.163895
0.23753 -0.258907
0.570071 -0.163895
0.950119 -0.0688836
0.617577 0.168646
0.285036 0.263658
0 0.311164
-0.23753 0.311164
-0.617577 0.168646
-0.807601 -0.0688836
-0.23753 -0.0213777
0 -0.0213777
0.23753 -0.0688836
0.760095 -0.0688836
0.23753 0.0261283
0 0.0736342
-0.190024 0.0261283
########
-0.998134 -0.0610623
-0.622366 -0.155004
-0.246598 -0.248946
-0.0117428 -0.155004
0.223112 -0.248946
0.59888 -0.155004
0.927677 -0.0610623
0.59888 0.173793
0.270083 0.267735
0.0352283 0.314706
-0.246598 0.267735
-0.622366 0.173793
-0.81025 -0.0610623
-0.246598 -0.0610623
-0.0117428 -0.0140913
0.270083 -0.0610623
0.786764 -0.0610623
0.270083 0.0328797
0.0352283 0.0798507
-0.199627 0.0328797
########
-0.998746 -0.0500565
-0.665036 -0.240748
-0.283654 -0.336094
0.00238364 -0.240748
0.288421 -0.336094
0.669804 -0.240748
0.955841 -0.0500565
0.669804 0.235981
0.336094 0.378999
0.00238364 0.426672
-0.283654 0.378999
-0.665036 0.235981
-0.855728 -0.0500565
-0.283654 -0.0977294
0.00238364 -0.0500565
0.288421 -0.0977294
0.812822 -0.0500565
0.288421 0.0452892
0.00238364 0.0929621
-0.283654 0.0452892
########
-0.995875 -0.0907403
-0.632913 -0.272221
-0.269952 -0.362961
0.00226851 -0.272221
0.274489 -0.362961
0.63745 -0.226851
0.909671 -0.0453701
0.63745 0.272221
0.319859 0.408331
0.00226851 0.453701
-0.269952 0.408331
-0.632913 0.226851
-0.814394 -0.0453701
-0.269952 -0.13611
0.00226851 -0.0907403
0.274489 -0.13611
0.773561 -0.0453701
0.319859 0.0907403
0.00226851 0.13611
-0.269952 0.0907403
########
-0.99613 -0.0878938
-0.654321 -0.185554
-0.263681 -0.283213
-0.019532 -0.185554
0.273447 -0.283213
0.615257 -0.185554
0.957066 -0.0878938
0.664087 0.205086
0.322277 0.351575
0.0292979 0.351575
-0.263681 0.351575
-0.654321 0.205086
-0.84964 -0.0878938
-0.263681 -0.0878938
-0.019532 -0.0390639
0.273447 -0.0878938
0.810576 -0.0878938
0.273447 0.0585959
0.0292979 0.107426
-0.263681 0.0585959
########
-0.997636 -0.0687208
-0.618487 -0.163508
-0.239338 -0.258295
-0.00236968 -0.163508
0.234598 -0.258295
0.613748 -0.163508
0.945503 -0.0687208
0.613748 0.215641
0.281992 0.310428
-0.00236968 0.310428
-0.239338 0.310428
-0.618487 0.168247
-0.808061 -0.0687208
-0.239338 -0.0687208
-0.00236968 -0.0213271
0.234598 -0.0687208
0.803322 -0.0687208
0.281992 0.0260665
-0.00236968 0.0734601
-0.239338 0.0260665
########
-0.994545 -0.104306
-0.60643 -0.15282
-0.266829 -0.249849
-0.0242572 -0.15282
0.218315 -0.249849
0.60643 -0.15282
0.994545 -0.0557916
0.60643 0.18678
0.266829 0.283809
0.0242572 0.283809
-0.266829 0.283809
-0.60643 0.18678
-0.849002 -0.0557916
-0.266829 -0.0557916
-0.0242572 -0.0557916
0.266829 -0.0557916
0.849002 -0.0557916
0.266829 0.0412372
0.0242572 0.0897516
-0.218315 0.0412372
########
-0.995474 -0.0950333
-0.615341 -0.190067
-0.235207 -0.237583
0.00237583 -0.190067
0.239959 -0.237583
0.572576 -0.14255
0.952709 -0.0950333
0.620092 0.190067
0.287476 0.332617
0.0498925 0.332617
-0.235207 0.332617
-0.615341 0.190067
-0.852924 -0.0950333
-0.235207 -0.0475167
0.00237583 -0.0475167
0.239959 -0.0950333
0.810159 -0.0950333
0.239959 0.0475167
0.00237583 0.0950333
-0.235207 0.0475167
########
-0.995834 -0.0911848
-0.611898 -0.187169
-0.275954 -0.283153
-0.035994 -0.235161
0.251958 -0.283153
0.587902 -0.187169
0.923846 -0.0911848
0.635894 0.244759
0.29995 0.340743
0.011998 0.388735
-0.227962 0.340743
-0.611898 0.196767
-0.803866 -0.0431928
-0.227962 -0.0911848
0.011998 -0.0431928
0.251958 -0.0911848
0.77987 -0.0431928
0.251958 0.0527912
0.011998 0.0527912
-0.227962 0.0527912
########
-0.997393 -0.0721628
-0.688124 -0.226797
-0.275765 -0.329887
-0.0180407 -0.278342
0.239684 -0.381432
0.652042 -0.226797
0.961311 -0.0721628
0.652042 0.237106
0.342773 0.391741
0.0335042 0.443286
-0.275765 0.443286
-0.636579 0.237106
-0.842758 -0.0206179
-0.275765 -0.123708
-0.0180407 -0.0721628
0.291228 -0.123708
0.806677 -0.0721628
0.291228 0.0824718
0.0335042 0.0824718
-0.275765 0.0824718
########
-0.996807 -0.0798476
-0.636205 -0.234391
-0.275603 -0.388935
-0.0180301 -0.285906
0.291057 -0.33742
0.651659 -0.234391
0.960747 -0.028333
0.651659 0.280754
0.342572 0.435298
-0.0180301 0.435298
-0.275603 0.383784
-0.636205 0.22924
-0.790749 -0.0798476
-0.275603 -0.131362
-0.0180301 -0.0798476
0.291057 -0.131362
0.754689 -0.028333
0.291057 0.0746961
-0.0180301 0.126211
-0.275603 0.0746961
########
-0.996018 -0.0891576
-0.639387 -0.241999
-0.282757 -0.343894
-0.028021 -0.292946
0.277662 -0.343894
0.634292 -0.191052
0.939976 -0.0382104
0.634292 0.267473
0.328609 0.420314
0.0229262 0.420314
-0.282757 0.369367
-0.639387 0.216526
-0.792229 -0.0382104
-0.282757 -0.0891576
-0.028021 -0.0891576
0.277662 -0.0891576
0.787134 -0.0382104
0.277662 0.063684
0.0229262 0.063684
-0.23181 0.063684
########
-0.998187 -0.0601922
-0.697226 -0.260833
-0.295945 -0.411313
0.00501601 -0.310993
0.255817 -0.411313
0.657098 -0.260833
0.958059 -0.0601922
0.657098 0.290929
0.356137 0.441409
0.00501601 0.491569
-0.245785 0.441409
-0.647066 0.290929
-0.847706 -0.010032
-0.295945 -0.160512
0.00501601 -0.110352
0.255817 -0.160512
0.807578 -0.0601922
0.305977 0.0902883
0.00501601 0.140448
-0.245785 0.0902883
########

################################################################################
bin
-0.998134 -0.0610623
-0.622366 -0.155004
-0.246598 -0.248946
-0.0117428 -0.155004
0.223112 -0.248946
0.59888 -0.155004
0.927677 -0.0610623
0.59888 0.173793
0.270083 0.267735
0.0352283 0.314706
-0.246598 0.267735
-0.622366 0.173793
-0.81025 -0.0610623
-0.246598 -0.0610623
-0.0117428 -0.0140913
0.270083 -0.0610623
0.786764 -0.0610623
0.270083 0.0328797
0.0352283 0.0798507
-0.199627 0.0328797
########
-0.998746 -0.0500565
-0.665036 -0.240748
-0.283654 -0.336094
0.00238364 -0.240748
0.288421 -0.336094
0.669804 -0.240748
0.955841 -0.0500565
0.669804 0.235981
0.336094 0.378999
0.00238364 0.426672
-0.283654 0.378999
-0.665036 0.235981
-0.855728 -0.0500565
-0.283654 -0.0977294
0.00238364 -0.0500565
0.288421 -0.0977294
0.812822 -0.0500565
0.288421 0.0452892
0.00238364 0.0929621
-0.283654 0.0452892
########
-0.995875 -0.0907403
-0.632913 -0.272221
-0.269952 -0.362961
0.00226851 -0.272221
0.274489 -0.362961
0.63745 -0.226851
0.909671 -0.0453701
0.63745 0.272221
0.319859 0.408331
0.00226851 0.453701
-0.269952 0.408331
-0.632913 0.226851
-0.814394 -0.0453701
-0.269952 -0.13611
0.00226851 -0.0907403
0.274489 -0.13611
0.773561 -0.0453701
0.319859 0.0907403
0.00226851 0.13611
-0.269952 0.0907403
########
-0.99613 -0.0878938
-0.654321 -0.185554
-0.263681 -0.283213
-0.019532 -0.185554
0.273447 -0.283213
0.615257 -0.185554
0.957066 -0.0878938
0.664087 0.205086
0.322277 0.351575
0.0292979 0.351575
-0.263681 0.351575
-0.654321 0.205086
-0.84964 -0.0878938
-0.263681 -0.0878938
-0.019532 -0.0390639
0.273447 -0.0878938
0.810576 -0.0878938
0.273447 0.0585959
0.0292979 0.107426
-0.263681 0.0585959
########
-0.997636 -0.0687208
-0.618487 -0.163508
-0.239338 -0.258295
-0.00236968 -0.163508
0.234598 -0.258295
0.613748 -0.163508
0.945503 -0.0687208
0.613748 0.215641
0.281992 0.310428
-0.00236968 0.310428
-0.239338 0.310428
-0.618487 0.168247
-0.808061 -0.0687208
-0.239338 -0.0687208
-0.00236968 -0.0213271
0.234598 -0.0687208
0.803322 -0.0687208
0.281992 0.0260665
-0.00236968 0.0734601
-0.239338 0.0260665
########
-0.994545 -0.104306
-0.60643 -0.15282
-0.266829 -0.249849
-0.0242572 -0.15282
0.218315 -0.249849
0.60643 -0.15282
0.994545 -0.0557916
0.60643 0.18678
0.266829 0.283809
0.0242572 0.283809
-0.266829 0.283809
-0.60643 0.18678
-0.849002 -0.0557916
-0.266829 -0.0557916
-0.0242572 -0.0557916
0.266829 -0.0557916
0.849002 -0.0557916
0.266829 0.0412372
0.0242572 0.0897516
-0.218315 0.0412372
########

################################################################################
blue
-0.995474 -0.0950333
-0.615341 -0.190067
-0.235207 -0.237583
0.00237583 -0.190067
0.239959 -0.237583
0.572576 -0.14255
0.952709 -0.0950333
0.620092 0.190067
0.287476 0.332617
0.0498925 0.332617
-0.235207 0.332617
-0.615341 0.190067
-0.852924 -0.0950333
-0.235207 -0.0475167
0.00237583 -0.0475167
0.239959 -0.0950333
0.810159 -0.0950333
0.239959 0.0475167
0.00237583 0.0950333
-0.235207 0.0475167
########
-0.995834 -0.0911848
-0.611898 -0.187169
-0.275954 -0.283153
-0.035994 -0.235161
0.251958 -0.283153
0.587902 -0.187169
0.923846 -0.0911848
0.635894 0.244759
0.29995 0.340743
0.011998 0.388735
-0.227962 0.340743
-0.611898 0.196767
-0.803866 -0.0431928
-0.227962 -0.0911848
0.011998 -0.0431928
0.251958 -0.0911848
0.77987 -0.0431928
0.251958 0.0527912
0.011998 0.0527912
-0.227962 0.0527912
########
-0.997393 -0.0721628
-0.688124 -0.226797
-0.275765 -0.329887
-0.0180407 -0.278342
0.239684 -0.381432
0.652042 -0.226797
0.961311 -0.0721628
0.652042 0.237106
0.342773 0.391741
0.0335042 0.443286
-0.275765 0.443286
-0.636579 0.237106
-0.842758 -0.0206179
-0.275765 -0.123708
-0.0180407 -0.0721628
0.291228 -0.123708
0.806677 -0.0721628
0.291228 0.0824718
0.0335042 0.0824718
-0.275765 0.0824718
########
-0.996807 -0.0798476
-0.636205 -0.234391
-0.275603 -0.388935
-0.0180301 -0.285906
0.291057 -0.33742
0.651659 -0.234391
0.960747 -0.028333
0.651659 0.280754
0.342572 0.435298
-0.0180301 0.435298
-0.275603 0.383784
-0.636205 0.22924
-0.790749 -0.0798476
-0.275603 -0.131362
-0.0180301 -0.0798476
0.291057 -0.131362
0.754689 -0.028333
0.291057 0.0746961
-0.0180301 0.126211
-0.275603 0.0746961
########

################################################################################
at
-0.996018 -0.0891576
-0.639387 -0.241999
-0.282757 -0.343894
-0.028021 -0.292946
0.277662 -0.343894
0.634292 -0.191052
0.939976 -0.0382104
0.634292 0.267473
0.328609 0.420314
0.0229262 0.420314
-0.282757 0.369367
-0.639387 0.216526
-0.792229 -0.0382104
-0.282757 -0.0891576
-0.028021 -0.0891576
0.277662 -0.0891576
0.787134 -0.0382104
0.277662 0.063684
0.0229262 0.063684
-0.23181 0.063684
########
-0.998187 -0.0601922
-0.697226 -0.260833
-0.295945 -0.411313
0.00501601 -0.310993
0.255817 -0.411313
0.657098 -0.260833
0.958059 -0.0601922
0.657098 0.290929
0.356137 0.441409
0.00501601 0.491569
-0.245785 0.441409
-0.647066 0.290929
-0.847706 -0.010032
-0.295945 -0.160512
0.00501601 -0.110352
0.255817 -0.160512
0.807578 -0.0601922
0.305977 0.0902883
0.00501601 0.140448
-0.245785 0.0902883
########

################################################################################
f
-0.998089 -0.0617865
-0.665393 -0.251899
-0.285168 -0.394483
0 -0.346955
0.285168 -0.394483
0.617865 -0.251899
0.950561 -0.0142584
0.665393 0.318438
0.332696 0.461022
0.0475281 0.461022
-0.285168 0.461022
-0.665393 0.318438
-0.807977 -0.0617865
-0.285168 -0.156843
0 -0.109315
0.285168 -0.156843
0.760449 -0.0142584
0.285168 0.0807977
0 0.0807977
-0.23764 0.0332696
########
-0.995913 -0.0903214
-0.663149 -0.280472
-0.282849 -0.423085
0.00237688 -0.328009
0.287602 -0.423085
0.667903 -0.280472
0.953129 -0.0903214
0.667903 0.289979
0.33514 0.48013
0.00237688 0.527667
-0.282849 0.48013
-0.663149 0.337517
-0.8533 -0.0427838
-0.282849 -0.232934
0.00237688 -0.232934
0.287602 -0.232934
0.810516 -0.0427838
0.287602 0.194904
0.00237688 0.194904
-0.282849 0.194904
########
-0.998151 -0.0607774
-0.624137 -0.201033
-0.296874 -0.294536
-0.0163631 -0.201033
0.264148 -0.294536
0.591411 -0.201033
0.965425 -0.0607774
0.638162 0.219734
0.3109 0.313237
0.0303887 0.359989
-0.250122 0.313237
-0.624137 0.219734
-0.811144 -0.0140255
-0.250122 -0.107529
-0.0163631 -0.0607774
0.264148 -0.107529
0.778418 -0.0607774
0.264148 0.0794781
0.0303887 0.0794781
-0.250122 0.0794781
########
-0.997552 -0.0699219
-0.624636 -0.163151
-0.251719 -0.25638
-0.0186458 -0.163151
0.261042 -0.25638
0.587344 -0.163151
0.960261 -0.0699219
0.633959 0.209766
0.307656 0.302995
0.0279688 0.34961
-0.251719 0.302995
-0.624636 0.163151
-0.811094 -0.0699219
-0.251719 -0.0699219
-0.0186458 -0.0233073
0.261042 -0.0699219
0.773802 -0.0699219
0.261042 0.0233073
0.0279688 0.0699219
-0.251719 0.0233073
########
-0.996082 -0.0884372
-0.623715 -0.181529
-0.251348 -0.274621
-0.0186184 -0.181529
0.260657 -0.274621
0.586478 -0.181529
0.912299 -0.0418913
0.633024 0.190838
0.307203 0.330476
0.0279275 0.330476
-0.251348 0.330476
-0.623715 0.190838
-0.809898 -0.0418913
-0.251348 -0.0884372
0.0279275 -0.0418913
0.260657 -0.0884372
0.772662 -0.0418913
0.260657 0.0512005
0.0279275 0.0512005
-0.251348 0.0512005
########

################################################################################
two
-0.996049 -0.0888044
-0.660033 -0.184809
-0.276014 -0.280814
0.0120006 -0.232811
0.252012 -0.328816
0.636031 -0.184809
0.972048 -0.040802
0.636031 0.247212
0.300015 0.343217
0.0120006 0.391219
-0.276014 0.343217
-0.61203 0.19921
-0.852042 -0.040802
-0.276014 -0.0888044
0.0120006 -0.0888044
0.300015 -0.136807
0.780038 -0.040802
0.300015 0.0552027
0.0120006 0.103205
-0.276014 0.0552027
########
-0.995933 -0.0900966
-0.655027 -0.236199
-0.26542 -0.333601
-0.0219154 -0.236199
0.27029 -0.333601
0.659897 -0.236199
0.952102 -0.0413957
0.659897 0.25081
0.318991 0.396912
0.0267855 0.445613
-0.26542 0.396912
-0.655027 0.25081
-0.80113 -0.0413957
-0.26542 -0.138798
-0.0219154 -0.0900966
0.27029 -0.138798
0.757299 -0.0413957
0.27029 0.056006
0.0267855 0.104707
-0.26542 0.056006
########
-0.998214 -0.0597435
-0.64971 -0.209102
-0.25142 -0.308675
-0.00248931 -0.258888
0.296228 -0.358461
0.644732 -0.209102
0.943449 -0.0597435
0.644732 0.238974
0.296228 0.388333
-0.00248931 0.438119
-0.301207 0.388333
-0.64971 0.238974
-0.799069 -0.0597435
-0.25142 -0.10953
-0.00248931 -0.10953
0.296228 -0.159316
0.744304 -0.0597435
0.296228 0.0896152
-0.00248931 0.0896152
-0.25142 0.0896152
########
-0.997774 -0.0666829
-0.652011 -0.214867
-0.256853 -0.363052
-0.00987895 -0.264262
0.237095 -0.363052
0.632253 -0.264262
0.928622 -0.0666829
0.681648 0.229686
0.335884 0.427265
0.0395158 0.476659
-0.256853 0.427265
-0.652011 0.27908
-0.84959 -0.0172882
-0.256853 -0.116078
-0.00987895 -0.116078
0.28649 -0.165472
0.780437 -0.0666829
0.28649 0.0815014
-0.00987895 0.0815014
-0.256853 0.0815014
########
-0.994675 -0.103063
-0.611186 -0.246871
-0.275633 -0.342743
0.011984 -0.246871
0.251665 -0.342743
0.635154 -0.246871
0.874835 -0.0551266
0.635154 0.280426
0.299601 0.424235
0.011984 0.472171
-0.275633 0.424235
-0.659122 0.23249
-0.80293 -0.0551266
-0.227697 -0.103063
0.011984 -0.103063
0.299601 -0.103063
0.731026 -0.0551266
0.299601 0.0407457
0.011984 0.0886819
-0.227697 0.0407457
########
-0.997195 -0.07485
-0.659163 -0.219721
-0.27284 -0.316302
0.0169016 -0.219721
0.258353 -0.316302
0.596385 -0.219721
0.934417 -0.0265597
0.644676 0.263182
0.306643 0.359763
0.0169016 0.408053
-0.27284 0.359763
-0.610872 0.214892
-0.804034 -0.07485
-0.27284 -0.07485
0.0169016 -0.07485
0.258353 -0.07485
0.741256 -0.0265597
0.306643 0.0217306
0.0169016 0.0700209
-0.22455 0.0217306
########
-0.998407 -0.056421
-0.654975 -0.203606
-0.26248 -0.350792
-0.0171716 -0.252668
0.277199 -0.350792
0.620631 -0.252668
0.915002 -0.056421
0.669693 0.23795
0.326261 0.385135
0.0318902 0.434197
-0.26248 0.385135
-0.654975 0.23795
-0.851222 -0.056421
-0.26248 -0.056421
-0.0171716 -0.056421
0.277199 -0.105483
0.767817 -0.056421
0.326261 0.0417025
0.0318902 0.0907643
-0.26248 0.0417025
########

################################################################################
now
-0.997827 -0.0658942
-0.621288 -0.254163
-0.291817 -0.348298
-0.00941346 -0.301231
0.27299 -0.348298
0.602461 -0.254163
0.931932 -0.0658942
0.649529 0.263577
0.320058 0.404779
0.0376538 0.451846
-0.24475 0.451846
-0.621288 0.263577
-0.809557 -0.0658942
-0.24475 -0.160029
-0.00941346 -0.160029
0.27299 -0.160029
0.743663 -0.0658942
0.27299 0.122375
-0.00941346 0.169442
-0.24475 0.122375
########
-0.996719 -0.0809401
-0.672959 -0.265946
-0.256696 -0.4047
-0.0254383 -0.358449
0.25207 -0.4047
0.622082 -0.312197
0.945842 -0.127192
0.668334 0.289072
0.344573 0.520329
0.0208132 0.520329
-0.256696 0.520329
-0.626707 0.289072
-0.811713 -0.0809401
-0.256696 -0.219694
-0.0254383 -0.173443
0.25207 -0.219694
0.760837 -0.0809401
0.298322 0.196569
0.0208132 0.196569
-0.256696 0.196569
########
-0.997027 -0.0770536
-0.670133 -0.26385
-0.29654 -0.403948
-0.0163447 -0.310549
0.26385 -0.403948
0.637443 -0.310549
0.917638 -0.123753
0.684143 0.29654
0.310549 0.483336
0.0303545 0.530035
-0.24984 0.483336
-0.670133 0.29654
-0.81023 -0.0770536
-0.24984 -0.170452
-0.0163447 -0.170452
0.26385 -0.217151
0.777541 -0.0770536
0.310549 0.156442
0.0303545 0.203141
-0.24984 0.156442
########
-0.998959 -0.0456255
-0.662771 -0.237733
-0.278556 -0.381814
0.00960537 -0.28576
0.24974 -0.381814
0.633955 -0.237733
0.970143 -0.0936524
0.681981 0.290562
0.297767 0.434643
0.00960537 0.434643
-0.278556 0.434643
-0.662771 0.242536
-0.854878 -0.0456255
-0.278556 -0.141679
0.00960537 -0.141679
0.297767 -0.141679
0.778035 -0.0456255
0.297767 0.0984551
0.00960537 0.146482
-0.230529 0.0984551
########
-0.998364 -0.0571855
-0.664781 -0.200149
-0.283545 -0.295458
0.00238273 -0.247804
0.240656 -0.343113
0.621892 -0.200149
0.90782 -0.0571855
0.669547 0.228742
0.335965 0.371706
0.00238273 0.41936
-0.23589 0.371706
-0.617127 0.228742
-0.807745 -0.0571855
-0.23589 -0.10484
0.00238273 -0.10484
0.240656 -0.152495
0.764856 -0.0571855
0.28831 0.0857783
0.00238273 0.0857783
-0.23589 0.0857783
########

################################################################################
sil
-0.964823 -0.14494
-0.661964 -0.231471
-0.272573 -0.274737
-0.0129797 -0.231471
0.246614 -0.274737
0.636005 -0.274737
0.98213 -0.188205
0.67927 0.201185
0.28988 0.417513
0.0302859 0.460779
-0.272573 0.417513
-0.618698 0.244451
-0.835027 -0.14494
-0.272573 -0.101674
-0.0129797 -0.101674
0.246614 -0.14494
0.852333 -0.14494
0.246614 0.15792
-0.0129797 0.201185
-0.272573 0.15792
########
-0.977993 -0.208638
-0.673728 -0.252105
-0.282531 -0.295571
-0.0217332 -0.208638
0.239065 -0.295571
0.630262 -0.252105
0.977993 -0.208638
0.673728 0.226025
0.325998 0.443357
0.0217332 0.486823
-0.282531 0.443357
-0.630262 0.226025
-0.847594 -0.121706
-0.282531 -0.121706
-0.0217332 -0.121706
0.282531 -0.165172
0.847594 -0.165172
0.282531 0.182559
0.0217332 0.226025
-0.282531 0.182559
########
-0.928241 -0.173909
-0.6239 -0.260864
-0.276081 -0.304341
-0.0152171 -0.217387
0.245647 -0.304341
0.593466 -0.260864
0.984762 -0.173909
0.636943 0.260864
0.289124 0.434773
0.0282603 0.478251
-0.276081 0.434773
-0.6239 0.217387
-0.797809 -0.130432
-0.276081 -0.130432
-0.0152171 -0.130432
0.245647 -0.173909
0.85433 -0.130432
0.245647 0.173909
-0.0152171 0.217387
-0.276081 0.173909
########
-0.989035 -0.147684
-0.631013 -0.237189
-0.272991 -0.237189
-0.00447527 -0.192437
0.264041 -0.237189
0.622062 -0.192437
0.980084 -0.147684
0.622062 0.210338
0.308794 0.344596
-0.00447527 0.389348
-0.272991 0.344596
-0.631013 0.165585
-0.810024 -0.102931
-0.272991 -0.102931
-0.00447527 -0.0581785
0.264041 -0.102931
0.845826 -0.102931
0.264041 0.120832
-0.00447527 0.165585
-0.272991 0.120832
########
-0.969243 -0.121447
-0.642269 -0.168158
-0.268585 -0.214868
-0.0350329 -0.121447
0.24523 -0.214868
0.618914 -0.168158
0.992598 -0.121447
0.618914 0.158816
0.291941 0.298947
0.0116776 0.345658
-0.221875 0.298947
-0.595559 0.158816
-0.829111 -0.121447
-0.268585 -0.0747368
-0.0350329 -0.0280263
0.24523 -0.0747368
0.852466 -0.0747368
0.24523 0.0653947
0.0116776 0.112105
-0.268585 0.0653947
########
-0.943021 -0.110019
-0.62868 -0.154925
-0.269434 -0.244736
-0.0449057 -0.154925
0.224529 -0.244736
0.583775 -0.199831
0.987926 -0.154925
0.62868 0.159415
0.31434 0.339038
0 0.339038
-0.224529 0.339038
-0.583775 0.159415
-0.808303 -0.0651133
-0.269434 -0.0651133
0 -0.0202076
0.224529 -0.0651133
0.808303 -0.110019
0.269434 0.0696039
0 0.11451
-0.269434 0.0696039
########
-0.993151 -0.116841
-0.633639 -0.206719
-0.274128 -0.251658
-0.00449389 -0.206719
0.26514 -0.251658
0.624651 -0.16178
0.984163 -0.116841
0.624651 0.197731
0.310079 0.332548
-0.00449389 0.377487
-0.274128 0.332548
-0.633639 0.152792
-0.813395 -0.0719023
-0.274128 -0.0719023
-0.00449389 -0.0269634
0.26514 -0.0719023
0.849346 -0.0719023
0.26514 0.0629145
-0.00449389 0.107853
-0.274128 0.0629145
########
-0.969015 -0.127682
-0.64981 -0.218883
-0.285004 -0.310085
-0.0114002 -0.218883
0.262204 -0.310085
0.62701 -0.218883
0.991815 -0.127682
0.67261 0.237124
0.307805 0.373926
0.0342005 0.419526
-0.285004 0.373926
-0.64981 0.237124
-0.832213 -0.0820813
-0.285004 -0.127682
-0.0114002 -0.0820813
0.262204 -0.127682
0.855013 -0.0820813
0.262204 0.100322
-0.0114002 0.145922
-0.285004 0.145922
########
-0.95734 -0.104564
-0.63203 -0.197509
-0.260248 -0.243982
-0.0278837 -0.197509
0.250953 -0.243982
0.622736 -0.197509
0.994518 -0.104564
0.622736 0.220746
0.297426 0.360164
0.0185891 0.360164
-0.260248 0.313691
-0.63203 0.174273
-0.817921 -0.104564
-0.260248 -0.104564
-0.0278837 -0.058091
0.250953 -0.104564
0.8551 -0.058091
0.250953 0.0813274
-0.0278837 0.1278
-0.260248 0.0813274
########
-0.977424 -0.137665
-0.610317 -0.183554
-0.243209 -0.229442
-0.0137665 -0.183554
0.215676 -0.229442
0.628672 -0.183554
0.99578 -0.0917769
0.628672 0.229442
0.261564 0.321219
-0.0137665 0.367108
-0.243209 0.321219
-0.610317 0.137665
-0.839759 -0.0917769
-0.243209 -0.0917769
-0.0137665 -0.0458885
0.261564 -0.0917769
0.812226 -0.0917769
0.261564 0.0917769
-0.0137665 0.0917769
-0.243209 0.0917769
########
-0.985538 -0.140135
-0.617971 -0.186081
-0.296351 -0.232026
-0.0206756 -0.140135
0.254999 -0.232026
0.622566 -0.186081
0.990132 -0.140135
0.622566 0.181486
0.300945 0.319323
0.0252702 0.365269
-0.250405 0.319323
-0.617971 0.181486
-0.8477 -0.0941889
-0.250405 -0.0482431
-0.0206756 -0.0482431
0.254999 -0.0941889
0.852295 -0.0941889
0.254999 0.0895944
-0.0206756 0.0895944
-0.250405 0.0895944
########
-0.952581 -0.106615
-0.628101 -0.199324
-0.257267 -0.245678
-0.0254949 -0.199324
0.252631 -0.245678
0.623466 -0.199324
0.9943 -0.106615
0.66982 0.217865
0.298985 0.356928
-0.0254949 0.403283
-0.257267 0.356928
-0.628101 0.171511
-0.813518 -0.106615
-0.257267 -0.106615
-0.0254949 -0.0602606
0.252631 -0.106615
0.808883 -0.106615
0.252631 0.0788024
-0.0254949 0.125157
-0.257267 0.0788024
########
-0.951469 -0.13362
-0.628937 -0.179696
-0.260329 -0.271848
-0.0299494 -0.179696
0.246506 -0.271848
0.615114 -0.225772
0.983722 -0.179696
0.66119 0.188912
0.292582 0.373215
0.0161266 0.419291
-0.260329 0.373215
-0.628937 0.234987
-0.813241 -0.0875444
-0.260329 -0.0875444
-0.0299494 -0.0875444
0.246506 -0.0875444
0.799418 -0.13362
0.246506 0.0967596
0.0161266 0.142836
-0.260329 0.0967596
########
-0.985405 -0.170228
-0.649744 -0.21818
-0.266131 -0.266131
-0.0263734 -0.21818
0.261336 -0.314083
0.644949 -0.21818
0.98061 -0.170228
0.644949 0.261336
0.309288 0.405191
0.0215782 0.453142
-0.266131 0.405191
-0.649744 0.213384
-0.84155 -0.122276
-0.266131 -0.122276
-0.0263734 -0.0743249
0.261336 -0.122276
0.836755 -0.122276
0.261336 0.117481
0.0215782 0.165433
-0.266131 0.117481
########
-0.985335 -0.170631
-0.648879 -0.218696
-0.264358 -0.266761
-0.0240326 -0.218696
0.264358 -0.314827
0.648879 -0.218696
0.985335 -0.170631
0.648879 0.261955
0.312423 0.40615
0.0240326 0.454215
-0.264358 0.40615
-0.648879 0.21389
-0.84114 -0.122566
-0.264358 -0.122566
-0.0240326 -0.0745009
0.264358 -0.122566
0.84114 -0.122566
0.264358 0.11776
-0.0240326 0.165825
-0.264358 0.11776
########
-0.981584 -0.132321
-0.644766 -0.228555
-0.307948 -0.324789
-0.0192467 -0.228555
0.269454 -0.324789
0.654389 -0.228555
0.991207 -0.132321
0.654389 0.252613
0.317571 0.445081
0.0288701 0.493198
-0.259831 0.445081
-0.644766 0.204497
-0.837233 -0.132321
-0.259831 -0.132321
-0.0192467 -0.0842045
0.269454 -0.132321
0.79874 -0.132321
0.269454 0.108263
-0.0192467 0.15638
-0.259831 0.108263
########
-0.958412 -0.134595
-0.679939 -0.273832
-0.308641 -0.366656
-0.0301679 -0.273832
0.248305 -0.320244
0.666015 -0.22742
0.990901 -0.134595
0.666015 0.283114
0.34113 0.468763
0.0162443 0.515176
-0.262229 0.468763
-0.633527 0.236702
-0.819175 -0.0881832
-0.308641 -0.181008
-0.0301679 -0.134595
0.248305 -0.181008
0.805252 -0.0881832
0.294718 0.143878
0.0162443 0.143878
-0.262229 0.143878
########
-0.992629 -0.108245
-0.670197 -0.24643
-0.301704 -0.338553
-0.0253339 -0.24643
0.251036 -0.338553
0.61953 -0.24643
0.988023 -0.154307
0.711653 0.260248
0.34316 0.444495
0.0207278 0.490557
-0.255642 0.444495
-0.624136 0.214187
-0.808382 -0.0621833
-0.301704 -0.154307
-0.0253339 -0.108245
0.251036 -0.154307
0.803776 -0.108245
0.297098 0.122063
0.0207278 0.168125
-0.301704 0.122063
########

################################################################################
bin
-0.993151 -0.116841
-0.633639 -0.206719
-0.274128 -0.251658
-0.00449389 -0.206719
0.26514 -0.251658
0.624651 -0.16178
0.984163 -0.116841
0.624651 0.197731
0.310079 0.332548
-0.00449389 0.377487
-0.274128 0.332548
-0.633639 0.152792
-0.813395 -0.0719023
-0.274128 -0.0719023
-0.00449389 -0.0269634
0.26514 -0.0719023
0.849346 -0.0719023
0.26514 0.0629145
-0.00449389 0.107853
-0.274128 0.0629145
########
-0.969015 -0.127682
-0.64981 -0.218883
-0.285004 -0.310085
-0.0114002 -0.218883
0.262204 -0.310085
0.62701 -0.218883
0.991815 -0.127682
0.67261 0.237124
0.307805 0.373926
0.0342005 0.419526
-0.285004 0.373926
-0.64981 0.237124
-0.832213 -0.0820813
-0.285004 -0.127682
-0.0114002 -0.0820813
0.262204 -0.127682
0.855013 -0.0820813
0.262204 0.100322
-0.0114002 0.145922
-0.285004 0.145922
########
-0.95734 -0.104564
-0.63203 -0.197509
-0.260248 -0.243982
-0.0278837 -0.197509
0.250953 -0.243982
0.622736 -0.197509
0.994518 -0.104564
0.622736 0.220746
0.297426 0.360164
0.0185891 0.360164
-0.260248 0.313691
-0.63203 0.174273
-0.817921 -0.104564
-0.260248 -0.104564
-0.0278837 -0.058091
0.250953 -0.104564
0.8551 -0.058091
0.250953 0.0813274
-0.0278837 0.1278
-0.260248 0.0813274
########
-0.977424 -0.137665
-0.610317 -0.183554
-0.243209 -0.229442
-0.0137665 -0.183554
0.215676 -0.229442
0.628672 -0.183554
0.99578 -0.0917769
0.628672 0.229442
0.261564 0.321219
-0.0137665 0.367108
-0.243209 0.321219
-0.610317 0.137665
-0.839759 -0.0917769
-0.243209 -0.0917769
-0.0137665 -0.0458885
0.261564 -0.0917769
0.812226 -0.0917769
0.261564 0.0917769
-0.0137665 0.0917769
-0.243209 0.0917769
########
-0.985538 -0.140135
-0.617971 -0.186081
-0.296351 -0.232026
-0.0206756 -0.140135
0.254999 -0.232026
0.622566 -0.186081
0.990132 -0.140135
0.622566 0.181486
0.300945 0.319323
0.0252702 0.365269
-0.250405 0.319323
-0.617971 0.181486
-0.8477 -0.0941889
-0.250405 -0.0482431
-0.0206756 -0.0482431
0.254999 -0.0941889
0.852295 -0.0941889
0.254999 0.0895944
-0.0206756 0.0895944
-0.250405 0.0895944
########

################################################################################
blue
-0.952581 -0.106615
-0.628101 -0.199324
-0.257267 -0.245678
-0.0254949 -0.199324
0.252631 -0.245678
0.623466 -0.199324
0.9943 -0.106615
0.66982 0.217865
0.298985 0.356928
-0.0254949 0.403283
-0.257267 0.356928
-0.628101 0.171511
-0.813518 -0.106615
-0.257267 -0.106615
-0.0254949 -0.0602606
0.252631 -0.106615
0.808883 -0.106615
0.252631 0.0788024
-0.0254949 0.125157
-0.257267 0.0788024
########
-0.951469 -0.13362
-0.628937 -0.179696
-0.260329 -0.271848
-0.0299494 -0.179696
0.246506 -0.271848
0.615114 -0.225772
0.983722 -0.179696
0.66119 0.188912
0.292582 0.373215
0.0161266 0.419291
-0.260329 0.373215
-0.628937 0.234987
-0.813241 -0.0875444
-0.260329 -0.0875444
-0.0299494 -0.0875444
0.246506 -0.0875444
0.799418 -0.13362
0.246506 0.0967596
0.0161266 0.142836
-0.260329 0.0967596
########
-0.985405 -0.170228
-0.649744 -0.21818
-0.266131 -0.266131
-0.0263734 -0.21818
0.261336 -0.314083
0.644949 -0.21818
0.98061 -0.170228
0.644949 0.261336
0.309288 0.405191
0.0215782 0.453142
-0.266131 0.405191
-0.649744 0.213384
-0.84155 -0.122276
-0.266131 -0.122276
-0.0263734 -0.0743249
0.261336 -0.122276
0.836755 -0.122276
0.261336 0.117481
0.0215782 0.165433
-0.266131 0.117481
########
-0.985335 -0.170631
-0.648879 -0.218696
-0.264358 -0.266761
-0.0240326 -0.218696
0.264358 -0.314827
0.648879 -0.218696
0.985335 -0.170631
0.648879 0.261955
0.312423 0.40615
0.0240326 0.454215
-0.264358 0.40615
-0.648879 0.21389
-0.84114 -0.122566
-0.264358 -0.122566
-0.0240326 -0.0745009
0.264358 -0.122566
0.84114 -0.122566
0.264358 0.11776
-0.0240326 0.165825
-0.264358 0.11776
########

################################################################################
at
-0.981584 -0.132321
-0.644766 -0.228555
-0.307948 -0.324789
-0.0192467 -0.228555
0.269454 -0.324789
0.654389 -0.228555
0.991207 -0.132321
0.654389 0.252613
0.317571 0.445081
0.0288701 0.493198
-0.259831 0.445081
-0.644766 0.204497
-0.837233 -0.132321
-0.259831 -0.132321
-0.0192467 -0.0842045
0.269454 -0.132321
0.79874 -0.132321
0.269454 0.108263
-0.0192467 0.15638
-0.259831 0.108263
########

################################################################################
f
-0.958412 -0.134595
-0.679939 -0.273832
-0.308641 -0.366656
-0.0301679 -0.273832
0.248305 -0.320244
0.666015 -0.22742
0.990901 -0.134595
0.666015 0.283114
0.34113 0.468763
0.0162443 0.515176
-0.262229 0.468763
-0.633527 0.236702
-0.819175 -0.0881832
-0.308641 -0.181008
-0.0301679 -0.134595
0.248305 -0.181008
0.805252 -0.0881832
0.294718 0.143878
0.0162443 0.143878
-0.262229 0.143878
########
-0.992629 -0.108245
-0.670197 -0.24643
-0.301704 -0.338553
-0.0253339 -0.24643
0.251036 -0.338553
0.61953 -0.24643
0.988023 -0.154307
0.711653 0.260248
0.34316 0.444495
0.0207278 0.490557
-0.255642 0.444495
-0.624136 0.214187
-0.808382 -0.0621833
-0.301704 -0.154307
-0.0253339 -0.108245
0.251036 -0.154307
0.803776 -0.108245
0.297098 0.122063
0.0207278 0.168125
-0.301704 0.122063
########
-0.972588 -0.116617
-0.64606 -0.209911
-0.272884 -0.303205
-0.0396499 -0.209911
0.240232 -0.303205
0.613407 -0.256558
0.986582 -0.163264
0.660054 0.256558
0.333525 0.396499
0.00699704 0.443146
-0.272884 0.396499
-0.599413 0.256558
-0.832648 -0.0699704
-0.272884 -0.116617
-0.0396499 -0.116617
0.240232 -0.163264
0.846642 -0.116617
0.286879 0.116617
0.00699704 0.163264
-0.272884 0.116617
########

################################################################################
three
-0.996171 -0.0874238
-0.628071 -0.179449
-0.305983 -0.271474
-0.0299081 -0.179449
0.246167 -0.271474
0.614267 -0.225461
0.982367 -0.133436
0.66028 0.188651
0.338192 0.372701
0.0161044 0.372701
-0.259971 0.372701
-0.628071 0.188651
-0.812121 -0.0874238
-0.259971 -0.0874238
-0.0299081 -0.0414113
0.246167 -0.0874238
0.798317 -0.0874238
0.29218 0.0966263
0.0161044 0.0966263
-0.259971 0.0506138
########
-0.992024 -0.126045
-0.618556 -0.172729
-0.245088 -0.266096
-0.0116709 -0.172729
0.221747 -0.266096
0.595215 -0.219412
0.968683 -0.126045
0.641898 0.200739
0.315114 0.387473
0.0350126 0.387473
-0.245088 0.34079
-0.618556 0.200739
-0.851974 -0.079362
-0.245088 -0.079362
-0.0116709 -0.0326785
0.26843 -0.079362
0.781949 -0.079362
0.26843 0.0606886
-0.0116709 0.0606886
-0.245088 0.0606886
########
-0.965103 -0.122914
-0.646437 -0.168438
-0.282247 -0.213962
-0.00910475 -0.168438
0.264038 -0.213962
0.628227 -0.168438
0.992417 -0.122914
0.673751 0.195752
0.309561 0.332323
0.036419 0.377847
-0.282247 0.332323
-0.646437 0.150228
-0.828532 -0.0773903
-0.282247 -0.0773903
-0.00910475 -0.0318666
0.264038 -0.0773903
0.810322 -0.0773903
0.264038 0.0591808
-0.00910475 0.0591808
-0.282247 0.0136571
########
-0.994025 -0.109157
-0.622427 -0.202056
-0.250829 -0.248506
-0.0185799 -0.202056
0.260119 -0.248506
0.631717 -0.202056
0.956865 -0.155607
0.631717 0.215991
0.306568 0.355341
0.0278698 0.40179
-0.250829 0.355341
-0.622427 0.215991
-0.808226 -0.0627072
-0.250829 -0.109157
-0.0185799 -0.0627072
0.260119 -0.109157
0.771066 -0.109157
0.260119 0.0766421
-0.0185799 0.123092
-0.250829 0.0766421
########
-0.990132 -0.140135
-0.622566 -0.232026
-0.254999 -0.323918
-0.0252702 -0.232026
0.250405 -0.323918
0.617971 -0.232026
0.939592 -0.140135
0.663917 0.273378
0.296351 0.411215
0.0206756 0.457161
-0.254999 0.411215
-0.622566 0.227432
-0.806349 -0.0941889
-0.254999 -0.140135
-0.0252702 -0.0941889
0.250405 -0.140135
0.801755 -0.0941889
0.250405 0.13554
0.0206756 0.13554
-0.254999 0.13554
########
-0.990536 -0.137257
-0.624518 -0.274513
-0.2585 -0.320266
-0.0297389 -0.228761
0.244774 -0.320266
0.610792 -0.228761
0.97681 -0.137257
0.656544 0.228761
0.290527 0.457522
0.0160133 0.457522
-0.2585 0.41177
-0.624518 0.228761
-0.807527 -0.0915044
-0.2585 -0.137257
-0.0297389 -0.137257
0.244774 -0.137257
0.793801 -0.0915044
0.290527 0.137257
0.0160133 0.183009
-0.2585 0.137257
########

################################################################################
soon
-0.970676 -0.128027
-0.64479 -0.221137
-0.272348 -0.314248
-0.0395719 -0.221137
0.239759 -0.314248
0.612201 -0.267692
0.984643 -0.174582
0.658756 0.244415
0.33287 0.430636
0.0535385 0.477191
-0.272348 0.430636
-0.64479 0.244415
-0.83101 -0.0814716
-0.272348 -0.128027
0.00698328 -0.0814716
0.239759 -0.128027
0.798422 -0.128027
0.286315 0.104749
0.00698328 0.151304
-0.272348 0.104749
########
-0.993166 -0.116708
-0.627022 -0.208245
-0.260878 -0.299781
-0.0320376 -0.208245
0.242571 -0.299781
0.608715 -0.208245
0.974859 -0.116708
0.654483 0.203668
0.288339 0.38674
0.0137304 0.432508
-0.260878 0.38674
-0.627022 0.203668
-0.810094 -0.0709404
-0.260878 -0.116708
0.0137304 -0.116708
0.242571 -0.116708
0.791787 -0.116708
0.288339 0.112132
0.0137304 0.1579
-0.260878 0.112132
########
-0.986021 -0.166619
-0.620828 -0.212268
-0.255635 -0.257918
-0.0273895 -0.212268
0.246505 -0.257918
0.611698 -0.212268
0.976891 -0.166619
0.657348 0.244223
0.292154 0.426819
0.0182597 0.426819
-0.255635 0.38117
-0.620828 0.198574
-0.803425 -0.12097
-0.255635 -0.12097
-0.0273895 -0.0753211
0.246505 -0.12097
0.794295 -0.12097
0.246505 0.107275
0.0182597 0.152925
-0.255635 0.107275
########
-0.985036 -0.142096
-0.64786 -0.238432
-0.262516 -0.2866
-0.0216756 -0.238432
0.267333 -0.2866
0.652677 -0.238432
0.989853 -0.142096
0.652677 0.243249
0.315501 0.435921
0.0264924 0.435921
-0.262516 0.435921
-0.64786 0.195081
-0.840532 -0.0939277
-0.262516 -0.0939277
-0.0216756 -0.0939277
0.267333 -0.142096
0.797181 -0.0939277
0.267333 0.0987445
-0.0216756 0.146912
-0.262516 0.0987445
########
-0.936868 -0.142096
-0.64786 -0.238432
-0.262516 -0.2866
-0.0216756 -0.190264
0.219165 -0.2866
0.652677 -0.238432
0.989853 -0.142096
0.652677 0.243249
0.267333 0.435921
-0.0216756 0.435921
-0.262516 0.387753
-0.64786 0.195081
-0.792364 -0.142096
-0.262516 -0.0939277
-0.0216756 -0.0939277
0.267333 -0.0939277
0.845349 -0.0939277
0.267333 0.0987445
-0.0216756 0.146912
-0.262516 0.0987445
########
-0.935986 -0.16477
-0.615599 -0.21054
-0.249444 -0.256309
-0.0205963 -0.21054
0.208251 -0.256309
0.620176 -0.21054
0.986332 -0.16477
0.620176 0.247155
0.29979 0.384464
-0.0205963 0.430233
-0.249444 0.384464
-0.615599 0.201386
-0.798677 -0.119001
-0.249444 -0.119001
-0.0205963 -0.0732311
0.254021 -0.119001
0.803254 -0.119001
0.254021 0.109847
-0.0205963 0.155616
-0.249444 0.109847
########
-0.974896 -0.146115
-0.639551 -0.194021
-0.256299 -0.289834
-0.0167672 -0.194021
0.222765 -0.289834
0.606016 -0.241927
0.989268 -0.146115
0.653923 0.18923
0.318578 0.380856
0.0311392 0.428763
-0.256299 0.428763
-0.639551 0.237137
-0.831176 -0.0982082
-0.256299 -0.0982082
-0.0167672 -0.0982082
0.270671 -0.0982082
0.797642 -0.0982082
0.270671 0.0934175
-0.0167672 0.141324
-0.256299 0.0934175
########
-0.974408 -0.103456
-0.685695 -0.295931
-0.300743 -0.392169
-0.0120297 -0.295931
0.276684 -0.34405
0.661635 -0.247812
0.998468 -0.0553368
0.709754 0.281496
0.324803 0.473971
-0.0120297 0.473971
-0.300743 0.425853
-0.637576 0.233377
-0.781933 -0.0553368
-0.300743 -0.151575
-0.0120297 -0.103456
0.276684 -0.151575
0.805992 -0.0553368
0.276684 0.137139
-0.0120297 0.137139
-0.300743 0.08902
########
-0.928035 -0.0802006
-0.653062 -0.309345
-0.286431 -0.401003
-0.0114572 -0.309345
0.263516 -0.401003
0.630147 -0.263516
0.996779 -0.0802006
0.675976 0.286431
0.309345 0.469746
-0.0114572 0.515575
-0.286431 0.469746
-0.653062 0.286431
-0.790549 -0.0343717
-0.286431 -0.217687
-0.0114572 -0.171858
0.263516 -0.171858
0.813463 -0.0802006
0.263516 0.148944
-0.0114572 0.194773
-0.286431 0.148944
########
-0.992646 -0.121054
-0.653694 -0.217898
-0.26632 -0.26632
-0.0242109 -0.169476
0.26632 -0.26632
0.653694 -0.169476
0.992646 -0.121054
0.653694 0.217898
0.314741 0.363163
0.0242109 0.411585
-0.26632 0.363163
-0.653694 0.169476
-0.847381 -0.0726326
-0.26632 -0.121054
-0.0242109 -0.0726326
0.26632 -0.0726326
0.847381 -0.121054
0.26632 0.0726326
-0.0242109 0.121054
-0.26632 0.0726326
########

################################################################################
